0.590826904599
-0.587373888888
0.553096269609
0.257032447277
-0.611806288169
-0.748082473263
-0.196358108575
-0.586693766649
0.785642359711
0.017254275384
-0.807353383335
0.589815907211
0.872022311516
-0.012123100037
-0.489315970171
-0.855271561904
-0.290016193607
0.429419565045
-0.873115443299
0.456133693880
0.172079853497
0.466440644545
0.784068825468
-0.409474299616
-0.584920676303
0.657891907772
0.474390177092
0.869480106313
-0.218888805094
-0.442822803986
0.684280922844
0.629554466944
0.367995640983
-0.753501471150
0.469517903347
-0.460204814633
0.828480406726
0.198796766767
-0.523545662951
0.015383319262
0.115566010687
-0.993180673726
-0.703734592695
-0.668194995971
-0.241398157416
0.743372936443
-0.561455674146
0.363543949659
0.380727311770
0.529898950136
-0.757795365991
0.002453505943
-0.478789976963
0.877926043735
0.979949130850
-0.192317753432
-0.052092059478
-0.146585546719
-0.589204648109
-0.794575710766
-0.698714533167
0.476311282524
0.533784191674
-0.010098195799
0.659013319033
-0.752063475897
0.734134637970
-0.421841509250
0.532067734792
0.429917650236
-0.070585310105
-0.900104731691
0.912319319767
0.313964294669
0.262868561173
-0.006641982208
-0.273236888060
0.961923846817
0.689369775459
0.705890145123
0.162752621181
0.865479574764
-0.376165352245
0.330824324131
0.064486673789
-0.694573552503
-0.716525679279
0.675089057247
-0.701922363769
-0.227067743254
-0.166827211433
-0.198169826381
-0.965866140538
-0.350940156929
-0.501952188301
-0.790496683683
-0.332591034183
-0.677839103217
-0.655680832518
0.445954275371
0.581162413871
0.680716558474
-0.337831637462
0.164967736516
-0.926636622759
-0.958530420483
0.274645413161
0.076087647086
0.193146391221
-0.332406834806
0.923146883076
-0.945879825341
0.291377662648
-0.142865019241
0.524311824823
-0.218514910403
0.823011752214
0.241041591319
-0.219276843921
-0.945418752180
-0.350842061650
0.521224618464
0.777968344397
0.146489565569
0.948209650651
0.281849721647
0.991968637900
-0.052692303879
0.114985836232
-0.062321974541
0.912799129249
0.403625719115
-0.319981891412
-0.021734629627
0.947174321360
0.886113363037
0.435460836231
-0.158672517962
-0.321492463251
-0.901338178992
0.290227640250
-0.827852749703
0.416331467386
0.375936077110
-0.574604561744
-0.283556525799
0.767740382095
0.215654659363
-0.784970592448
-0.580787600493
-0.530283799142
-0.799382540745
-0.282465300381
-0.952613912581
-0.300736873062
-0.045651579797
-0.367858534646
-0.784067788908
0.499917794126
0.501484986737
0.847065902084
-0.176045919021
0.135007065815
-0.103439356644
0.985430561570
0.416560707176
-0.836748735121
0.355427533417
-0.005679046303
0.636109679120
0.771577750173
0.888733641236
0.009222553313
0.458331167876
-0.295476812332
0.398757421929
-0.868150892317
-0.093084164659
-0.931970219412
-0.350381004648
0.541626542944
-0.721651328450
-0.431114889704
-0.939638810286
-0.115914930268
0.321935762452
0.008930958731
-0.848329565381
-0.529393224812
-0.546231403226
-0.650848539605
0.527283066884
-0.827337629793
-0.311813132462
-0.467209820908
0.413423542862
0.228590267668
0.881378161594
-0.089784428974
0.488221104912
-0.868089228728
0.562791448639
-0.429870331128
0.706029237181
0.518425951362
0.852420637451
0.067923411293
0.345542625801
0.854200566278
0.388512144372
0.240111922996
0.600742186229
0.762532025635
0.269624175261
0.067554994670
0.960593111994
0.632670704700
0.714944058285
-0.297628582191
0.637836656379
-0.034983949925
0.769376710738
-0.444309343901
0.878267633312
0.176734748138
0.981967456893
0.173547885970
0.074973627892
-0.519499471730
0.745395807878
-0.417738421110
-0.330858735592
-0.891414841501
-0.309696750765
-0.618146379520
0.785423229898
0.031708097127
-0.822836987457
-0.119244956337
-0.555625712563
0.216059825891
-0.699053135056
0.681647171200
0.223800660434
-0.919910339498
0.321991042848
0.197735085423
0.284823267287
0.937964041104
0.385812405023
-0.387613476993
0.837200442298
0.730714102312
-0.386597197865
-0.562671758030
-0.625554930304
-0.766529129328
0.145306995922
-0.515330830288
0.056522123678
-0.855125362090
-0.528633956683
-0.186239090406
-0.828167338795
0.945879824268
-0.291377661972
0.142865027724
0.618146362181
-0.785423244997
-0.031708061135
-0.696152287004
-0.263258245360
-0.667882541731
-0.243785395323
0.963012161138
-0.114787884935
-0.223800685584
0.919910347396
-0.321991002802
-0.453887616678
0.501273238760
-0.736689331760
-0.669836156355
-0.054730163238
-0.740489117321
-0.176114949848
0.025204984405
-0.984046865348
0.756761208413
-0.176118775907
-0.629519380332
0.503127492253
0.323046089485
-0.801563441411
-0.042277242230
-0.999097935401
0.003993778398
-0.443259001752
-0.757055237073
-0.479988359637
0.589922571747
-0.716106783198
0.373071621007
0.148434273100
0.530716314730
-0.834450393881
0.131416505814
0.746453010976
0.652332433966
-0.353995736233
-0.304099800017
-0.884426554530
0.815816931232
0.577379065700
0.032804713193
-0.881713571266
-0.467356660936
0.064489764495
0.659180754197
0.750109185751
-0.053074878699
-0.692392184378
0.638307223053
-0.336388097309
-0.673415596663
-0.646915561326
0.357787214257
0.877982440319
0.324974449116
-0.351480357792
-0.686931047939
-0.456604796383
-0.565365187554
0.418934801741
-0.724488961492
0.547365852576
-0.420960532404
0.868644570480
-0.261244790061
0.292591840960
-0.930479482606
-0.220449420623
0.199061087947
-0.979570695078
-0.028564604133
-0.989318501975
-0.120257354320
0.082383677888
-0.770756272356
-0.613537723756
0.171773776091
0.994539020231
0.026093026703
-0.101050933670
0.700340121374
-0.582397123951
-0.412719401540
0.922058004365
0.383219891398
0.054328182583
-0.730226697223
-0.296476297414
0.615524797010
-0.384352934975
-0.632713054677
0.672270043820
-0.206620622427
-0.201270071639
0.957495836362
-0.538459303467
0.514956449077
0.666994328359
-0.720288807440
-0.481746514599
0.499103525884
-0.625823963031
-0.641707357436
-0.443346404867
-0.399940349245
-0.247906901077
0.882377405334
0.229174770874
-0.009515589902
-0.973338778609
-0.933856171812
-0.297690556260
0.198224577390
-0.318679117407
0.816399681978
-0.481596490223
0.092525379667
-0.981671770231
0.166612093348
-0.518135731318
-0.578735485514
-0.629762337504
0.125945963047
0.912003484216
-0.390368107266
-0.402994461005
-0.909196985312
-0.104672376008
0.206620584741
0.201270080308
-0.957495842672
-0.213984498014
0.675976866147
0.705170838197
0.148221488369
-0.911853754560
-0.382822570756
0.142329053156
0.866989178870
0.477569057153
-0.608048193770
0.126409912465
0.783771604540
0.337951779619
0.428521826047
0.837948470524
0.961230043344
0.238275227497
-0.138786597816
-0.966313386096
0.093467034696
-0.239796483036
-0.442562156260
0.895772584074
-0.041595858786
0.100147501996
0.471014078206
0.876422395866
0.024887903975
-0.917504562118
0.396945803262
-0.443358870073
0.804789838036
0.394646967454
-0.781374099588
0.079389779494
-0.618992551978
-0.260199616387
0.818501167175
0.512203083713
-0.283496194438
0.336891653161
0.897849609773
-0.923863133685
0.245444765341
0.293655882598
0.321492416361
0.901338191097
-0.290227654596
0.530283840929
0.799382529189
0.282465254635
-0.118635158386
-0.965002545951
0.233871301151
0.225152751883
-0.827937191622
0.513640190259
0.405345226803
0.150416621593
-0.901703990818
-0.131416459531
-0.746452994658
-0.652332461963
-0.066112193216
0.800659384980
0.595460936713
-0.787077840157
-0.498939639513
-0.362722634608
-0.926145286530
-0.116480803430
-0.358729885387
0.744477551565
0.039428419598
-0.666482239031
-0.154798997434
-0.405927865163
-0.900699638435
0.618054027322
0.611647077711
-0.493859364231
-0.141869447606
0.497316395747
0.855891034161
0.055626948581
0.127888308995
0.990227359253
0.827852767012
-0.416331488285
-0.375936015849
0.585188986497
0.092641165227
-0.805587651710
0.820333990722
-0.535699721559
-0.200194785116
0.905359028337
-0.423717058446
-0.028087082278
0.531297577854
-0.830925135256
0.165185663318
-0.078290581702
0.878478158263
-0.471324421468
-0.763824514000
0.637074886452
0.103478021166
0.574487695485
0.478932014452
-0.663768041765
0.059423397007
0.352802919790
-0.933808845362
-0.246646147518
0.597401329257
-0.763070986027
-0.174661170447
-0.873951306103
0.453544474223
-0.669057946264
0.308328037806
0.676236116785
-0.452576438070
-0.884575844410
0.112694911998
-0.833700942738
-0.104632444094
0.542212863847
0.344537533292
0.921349867918
0.180023079187
0.465969264265
0.010551819848
0.884737985993
-0.536524834514
-0.392089934986
-0.747266073653
-0.590826940320
0.587373883577
-0.553096237091
-0.887467303960
0.294012976051
-0.354905838660
-0.186416606758
0.154383405785
0.970265228040
0.939638800693
0.115914925300
-0.321935792240
-0.733965958869
0.598817056244
0.320487292062
-0.409354938276
0.683467561506
0.604401048046
-0.044203842939
0.320450478188
0.946233328148
0.842385752364
-0.233362228053
0.485724525561
-0.076910134547
-0.037389428725
0.996336721106
0.858442388440
0.229519002054
0.458691283354
0.160796898292
0.974458339504
-0.156765117520
0.154760286526
0.985665361674
0.067179226773
0.409354967863
-0.683467568563
-0.604401020025
-0.894138542882
0.088267732251
-0.439004639585
-0.879115315091
0.475016072636
-0.038935761327
-0.982938280437
-0.110191208686
-0.147276048219
-0.754973685406
0.645553857913
-0.115216973047
-0.574487719109
-0.478932022469
0.663768015534
-0.054302029927
0.979463817240
0.194169823259
-0.206285638248
-0.403343853914
0.891493113244
0.788048679653
0.435582975553
0.435024999173
0.924868255625
-0.311039220639
-0.218799709693
0.772922767226
0.520480683523
-0.362891518202
-0.899961468014
0.071468689956
0.430071601534
0.402906811595
-0.578124782672
0.709533534677
0.337831642056
-0.164967722977
0.926636623495
-0.785204499605
0.281032380576
-0.551792256985
-0.831730345057
-0.462016800192
0.307839421537
0.207291276239
-0.531693642734
0.821177323769
0.601138230298
0.184048019747
0.777662622544
-0.483000708484
0.296650057726
-0.823838005226
0.740108609990
0.404506094422
-0.537228131239
0.708817963141
0.336452715047
0.619981181703
-0.400892761111
-0.452946651711
0.796319235478
0.762315336647
0.131827067479
0.633637871179
0.843159171265
-0.512617617996
0.162190596618
0.583250577643
-0.548898199450
-0.598773354717
0.430261466062
-0.901544681766
-0.045741202459
-0.255877925428
-0.964643551870
0.063160946113
0.516167433178
0.707189190595
0.483171428825
0.775753306008
-0.630830322332
-0.016121806485
0.070082663659
0.797525840140
-0.599200262486
-0.754290144304
-0.655555642117
-0.035960788278
-0.816077451444
0.257915180391
0.517201462651
-0.508795865193
-0.794066823544
0.332542699978
-0.252433810483
0.962742033377
0.096979113703
0.355649715159
-0.834973950834
-0.419918779690
-0.646578004609
0.192654836278
-0.738119907613
0.331585954207
0.743433570622
0.580824656023
-0.043654954686
0.998741778043
-0.024680067321
0.770756257505
0.613537733533
-0.171773807809
0.940638692646
-0.144941335494
0.306905293475
0.499539806740
-0.832223771631
-0.240548488695
0.435933701994
0.670408043666
-0.600428898750
0.601124095124
-0.339269189318
-0.723564951777
-0.591653360036
-0.803035467975
-0.071276494949
0.276922898857
0.812080447543
-0.513652659690
0.010098172036
-0.659013300739
0.752063492246
0.438551283186
-0.491040510797
-0.752696478517
0.955728937511
0.097448354252
0.277643685786
-0.598538729409
0.778568433212
-0.188633465227
0.627503299755
0.532114313760
0.568413551816
-0.168142118924
0.755427075778
-0.633291529254
0.227054353511
0.681168771154
-0.696028322525
0.029978261287
-0.106192681259
-0.993893564874
0.054302032532
-0.979463823061
-0.194169793163
-0.492014991182
0.341149169795
0.800960980573
0.687322891874
-0.260683329998
0.677961240608
-0.977980811364
0.063864059018
0.198682949873
-0.687676262652
-0.095897775011
0.719656150209
0.252588403294
-0.423545096827
-0.869947498114
-0.399212603617
0.676459208130
-0.618895982254
0.044203892617
-0.320450481355
-0.946233324755
-0.143988056544
0.265432156586
-0.953316951398
0.334592466753
-0.931761938840
0.140952369692
0.781374123094
-0.079389796952
0.618992520068
0.678645891529
0.258781306879
-0.687365979025
0.056290913210
-0.519204805191
-0.852794056826
-0.187238952926
-0.969805589337
-0.156264818169
-0.607476089885
0.753806529400
0.250496539800
-0.236476530820
-0.837987090720
-0.491789066734
0.955835184066
-0.098752593904
-0.276815870386
-0.032003736662
0.969089646818
-0.244624236880
0.346813509557
0.936630903425
-0.049426109876
0.435213730237
-0.284679815164
-0.854134890899
0.536524860269
0.392089927173
0.747266059261
-0.260113176991
0.914619696185
0.309535048915
0.824222613301
0.515101677949
0.235217654733
0.608048203219
-0.126409904916
-0.783771598427
-0.838909493493
0.481809913604
-0.253160164481
-0.359959763304
-0.078698920598
-0.929642645697
-0.912319315028
-0.313964277855
-0.262868597702
-0.767443832000
0.088548537662
0.634971748350
-0.633570018756
0.400934655237
-0.661695121309
-0.996218333455
0.083500012669
-0.024016243936
-0.418869230408
0.158079495508
0.894180877070
0.699743186411
-0.691597751593
0.179030788031
0.300433119954
0.374341779380
-0.877273145973
-0.854355093544
-0.496258074341
-0.154289655475
-0.187699534442
-0.746876418129
0.637922017815
-0.517620908377
-0.061623958263
0.853388002599
